#  40 160
40 0.0002
41 0.0001
42 0.0003
43 0.0005
44 0.0005
45 0.0004
46 0.0003
47 0.0007
48 0.0008
49 0.0008
50 0.0006
51 0.0013
52 0.0003
53 0.0009
54 0.0013
55 0.0007
56 0.0019
57 0.0026
58 0.0029
59 0.0022
60 0.0017
61 0.0034
62 0.0031
63 0.0039
64 0.0038
65 0.0047
66 0.0046
67 0.0042
68 0.004
69 0.0051
70 0.0061
71 0.0076
72 0.0077
73 0.0081
74 0.0087
75 0.008
76 0.0094
77 0.0111
78 0.0105
79 0.0114
80 0.014
81 0.0129
82 0.0123
83 0.0134
84 0.0146
85 0.0146
86 0.0147
87 0.0177
88 0.0156
89 0.0165
90 0.019
91 0.0174
92 0.0178
93 0.0177
94 0.0192
95 0.0175
96 0.0188
97 0.02
98 0.0171
99 0.0209
100 0.0209
101 0.0219
102 0.0225
103 0.0172
104 0.0191
105 0.019
106 0.0196
107 0.0191
108 0.019
109 0.0189
110 0.0193
111 0.0162
112 0.019
113 0.0152
114 0.0152
115 0.0144
116 0.0144
117 0.0138
118 0.013
119 0.0129
120 0.0129
121 0.0108
122 0.0122
123 0.013
124 0.0095
125 0.0099
126 0.0103
127 0.0092
128 0.0067
129 0.007
130 0.006
131 0.0065
132 0.0046
133 0.0047
134 0.0058
135 0.004
136 0.0044
137 0.0036
138 0.0031
139 0.0028
140 0.0025
141 0.0026
142 0.0015
143 0.0023
144 0.0018
145 0.0015
146 0.0016
147 0.0011
148 0.0009
149 0.0005
150 0.0009
151 0.0009
152 0.0008
153 0.0005
154 0.0006
155 0.0005
156 0.0006
157 0.0009
158 0.0005
159 0.0001
160 0.0002
