#  40 160
40 0.001
41 0.002
42 0.0
43 0.0
44 0.0
45 0.001
46 0.0
47 0.001
48 0.001
49 0.001
50 0.001
51 0.0
52 0.0
53 0.002
54 0.001
55 0.001
56 0.001
57 0.001
58 0.004
59 0.002
60 0.003
61 0.004
62 0.004
63 0.004
64 0.003
65 0.002
66 0.007
67 0.007
68 0.008
69 0.008
70 0.002
71 0.01
72 0.007
73 0.012
74 0.005
75 0.004
76 0.009
77 0.007
78 0.01
79 0.012
80 0.013
81 0.014
82 0.017
83 0.017
84 0.012
85 0.015
86 0.015
87 0.014
88 0.018
89 0.015
90 0.016
91 0.013
92 0.011
93 0.017
94 0.028
95 0.021
96 0.028
97 0.026
98 0.02
99 0.027
100 0.022
101 0.025
102 0.024
103 0.024
104 0.022
105 0.023
106 0.016
107 0.012
108 0.014
109 0.014
110 0.014
111 0.019
112 0.013
113 0.01
114 0.015
115 0.012
116 0.015
117 0.017
118 0.01
119 0.015
120 0.007
121 0.014
122 0.013
123 0.009
124 0.011
125 0.006
126 0.01
127 0.003
128 0.011
129 0.009
130 0.004
131 0.006
132 0.004
133 0.002
134 0.006
135 0.004
136 0.005
137 0.001
138 0.005
139 0.002
140 0.004
141 0.001
142 0.001
143 0.004
144 0.002
145 0.002
146 0.001
147 0.004
148 0.0
149 0.0
150 0.0
151 0.001
152 0.0
153 0.0
154 0.0
155 0.0
156 0.001
157 0.0
158 0.001
159 0.0
160 0.001
