#  40 160
40 0.00023
41 0.00031
42 0.00026
43 0.00038
44 0.00042
45 0.00048
46 0.00057
47 0.00059
48 0.00068
49 0.00084
50 0.00082
51 0.00099
52 0.00109
53 0.00125
54 0.0015
55 0.0016
56 0.00197
57 0.00205
58 0.0021
59 0.00237
60 0.00254
61 0.00259
62 0.00286
63 0.00363
64 0.00391
65 0.00419
66 0.00466
67 0.00527
68 0.00537
69 0.00594
70 0.0062
71 0.00716
72 0.00752
73 0.00806
74 0.00895
75 0.00896
76 0.0101
77 0.01059
78 0.01127
79 0.01084
80 0.01198
81 0.01289
82 0.01331
83 0.01425
84 0.01441
85 0.01571
86 0.01542
87 0.01553
88 0.01717
89 0.01717
90 0.01787
91 0.01792
92 0.01819
93 0.01891
94 0.0189
95 0.01882
96 0.01952
97 0.02007
98 0.01982
99 0.01951
100 0.02018
101 0.01935
102 0.02004
103 0.01991
104 0.02017
105 0.01874
106 0.01916
107 0.01883
108 0.01844
109 0.0173
110 0.01753
111 0.01685
112 0.01741
113 0.01596
114 0.01493
115 0.01495
116 0.01414
117 0.01416
118 0.01382
119 0.01256
120 0.01204
121 0.01174
122 0.01046
123 0.01071
124 0.01014
125 0.00896
126 0.00895
127 0.0085
128 0.00772
129 0.00736
130 0.00675
131 0.006
132 0.00544
133 0.00467
134 0.00478
135 0.00443
136 0.00378
137 0.00348
138 0.00319
139 0.00286
140 0.0028
141 0.00252
142 0.00188
143 0.00181
144 0.00181
145 0.00148
146 0.00123
147 0.00129
148 0.00124
149 0.00096
150 0.00087
151 0.00081
152 0.00079
153 0.00065
154 0.00056
155 0.00041
156 0.00039
157 0.00019
158 0.00028
159 0.00024
160 0.00029
