#  40 160
40 0.000237
41 0.000278
42 0.000329
43 0.000313
44 0.000389
45 0.000454
46 0.000538
47 0.000607
48 0.000656
49 0.000784
50 0.000888
51 0.001015
52 0.001101
53 0.001242
54 0.001401
55 0.001625
56 0.001827
57 0.001977
58 0.00219
59 0.002434
60 0.002691
61 0.003023
62 0.00323
63 0.003639
64 0.003897
65 0.004407
66 0.00462
67 0.005067
68 0.005611
69 0.005906
70 0.00649
71 0.006968
72 0.007357
73 0.007904
74 0.008703
75 0.009155
76 0.009831
77 0.010202
78 0.010986
79 0.011606
80 0.012016
81 0.012783
82 0.013084
83 0.013994
84 0.014669
85 0.0152
86 0.015819
87 0.016179
88 0.016798
89 0.017027
90 0.017471
91 0.018129
92 0.018397
93 0.018717
94 0.01903
95 0.019466
96 0.019394
97 0.019822
98 0.019774
99 0.019754
100 0.019861
101 0.019979
102 0.019857
103 0.019683
104 0.01956
105 0.01941
106 0.018825
107 0.018935
108 0.018447
109 0.017789
110 0.017635
111 0.01702
112 0.016733
113 0.016096
114 0.015702
115 0.015055
116 0.014495
117 0.013924
118 0.01323
119 0.012564
120 0.012121
121 0.011503
122 0.010922
123 0.010212
124 0.009576
125 0.009104
126 0.008573
127 0.007997
128 0.007556
129 0.006957
130 0.006536
131 0.006004
132 0.005521
133 0.005044
134 0.004692
135 0.004215
136 0.003976
137 0.003595
138 0.003375
139 0.003073
140 0.002721
141 0.002407
142 0.002209
143 0.001984
144 0.001796
145 0.001637
146 0.001438
147 0.00122
148 0.001134
149 0.000986
150 0.000869
151 0.000786
152 0.000719
153 0.000576
154 0.000561
155 0.000465
156 0.00038
157 0.000351
158 0.000299
159 0.000246
160 0.000208
