#  40 160
40 0.0002243
41 0.0002591
42 0.0002972
43 0.0003353
44 0.0003981
45 0.0004555
46 0.0005149
47 0.0006024
48 0.000678
49 0.000767
50 0.0008717
51 0.0010061
52 0.0011372
53 0.0012631
54 0.0014234
55 0.0015926
56 0.001768
57 0.0019884
58 0.0021866
59 0.0024218
60 0.0026866
61 0.0029881
62 0.0032686
63 0.0036273
64 0.0039823
65 0.0043126
66 0.0047146
67 0.0051065
68 0.0055963
69 0.0059675
70 0.0064942
71 0.0069533
72 0.0074644
73 0.008021
74 0.0086341
75 0.0091199
76 0.0097383
77 0.0102854
78 0.010883
79 0.0115522
80 0.0121043
81 0.0127223
82 0.0133702
83 0.0138201
84 0.0144772
85 0.0150652
86 0.0156614
87 0.016205
88 0.0166569
89 0.0170655
90 0.0175962
91 0.0179082
92 0.0184273
93 0.0188134
94 0.0191011
95 0.0193411
96 0.019595
97 0.019754
98 0.0198386
99 0.0198842
100 0.0199068
101 0.0198575
102 0.019783
103 0.019768
104 0.0195209
105 0.0192878
106 0.0190993
107 0.0187548
108 0.018371
109 0.0179947
110 0.0176193
111 0.017127
112 0.0166498
113 0.0161555
114 0.0156228
115 0.0150033
116 0.0144623
117 0.0139202
118 0.0132592
119 0.0127513
120 0.0120502
121 0.0115118
122 0.010841
123 0.010307
124 0.0096747
125 0.0091692
126 0.0085909
127 0.0080509
128 0.0074844
129 0.0070261
130 0.0064654
131 0.0059956
132 0.0055496
133 0.0051199
134 0.0047016
135 0.0042717
136 0.0039614
137 0.0036168
138 0.0033077
139 0.0029742
140 0.0026948
141 0.0024523
142 0.0021973
143 0.0019889
144 0.0017788
145 0.0015901
146 0.0014231
147 0.0012704
148 0.0011182
149 0.0010179
150 0.0008741
151 0.0007727
152 0.0006764
153 0.0005901
154 0.0005276
155 0.0004508
156 0.0003898
157 0.0003455
158 0.0003016
159 0.0002528
160 0.0002277
